Antes	Depois	Antes	Depois	Antes	Depois	Antes	Depois	Antes	Depois	Antes	Depois	Antes	Depois
Altura_cm	Altura_cm	Area_foliar_cm2	Area_foliar_cm2	Espessura_foliar_mm	Espessura_foliar_mm	Densidade_estomatica_mm2	Densidade_estomatica_mm2	Teor_agua_%	Teor_agua_%	Biomassa_seca_mg	Biomassa_seca_mg	Compostos_fenolicos_ug_g	Compostos_fenolicos_ug_g
10,0108	11,7574	3,6974	4,8818	0,7146	0,9532	127,6588	145,9157	62,3618	63,6657	7,5124	16,5902	114,6239	259,0834
20,4368	23,6014	31,9225	37,4710	0,4862	0,5860	258,5071	238,5178	57,6566	67,1748	6,2237	11,5443	328,8178	365,5802
12,3771	12,1978	54,1708	62,5649	0,7461	0,7466	161,5659	199,3373	78,1064	84,2226	344,4408	611,7347	228,8122	237,1166
13,3244	15,7917	24,7716	42,6174	0,5552	0,5774	151,8523	154,0291	58,5156	60,5708	61,1582	66,2706	218,9698	352,1333
22,1969	23,4572	42,6128	64,9730	0,6022	0,7067	156,4584	187,3512	64,9144	76,3469	72,8589	121,2831	45,7068	98,5343
11,4691	13,2697	40,3221	55,3740	0,7970	0,9486	202,4991	228,0386	55,9984	62,1478	7,8433	15,1635	27,3097	44,1092
9,3122	9,2286	31,3599	52,6659	0,6394	0,8064	189,9365	240,1212	47,3807	53,3519	6,6109	12,6491	119,0823	488,0967
13,1270	13,7992	45,5194	58,2819	0,5627	0,6788	203,1199	220,1134	65,5406	68,9168	5,5209	12,1413	30,1472	76,5858
16,4575	19,8947	59,8864	72,3175	0,8221	0,9986	247,3181	301,7032	62,8704	78,5500	86,1938	118,5936	107,7666	173,2282
15,1814	16,2867	27,4090	41,9341	0,4389	0,6556	262,1677	337,7307	66,3182	70,9885	9,8805	16,3579	26,3480	66,6915
19,7709	21,7261	73,0144	87,2403	0,6086	0,7198	242,1977	230,4716	55,6186	64,2419	7,9538	8,4700	102,8368	161,8436
17,8068	19,0580	28,8341	55,8183	0,7507	0,7338	223,8451	264,7821	68,0964	73,9218	38,6028	41,9006	89,0125	132,5431
13,2174	18,8394	39,3826	53,4527	0,6347	0,6170	214,0662	198,3907	64,5158	69,1456	8,9657	18,5845	206,3079	393,1742
17,6191	18,5862	47,5761	62,3926	0,6358	0,8810	193,2580	225,0670	71,9757	77,2805	35,1988	69,0143	97,8002	133,1565
14,8889	15,2344	48,1768	75,1666	0,6488	0,9739	196,1023	196,6488	57,3612	74,4634	139,3506	150,6779	99,9300	157,0799
12,4934	13,9234	58,5373	68,2117	0,8974	1,0189	127,1408	146,9564	67,4271	78,2579	9,3857	12,7425	99,7100	173,8433
14,5142	16,7058	37,7309	46,3133	0,4751	0,6178	282,2166	269,1306	68,0771	70,1791	38,6012	67,8878	401,0234	685,0003
14,4146	16,7374	36,8127	62,0344	0,4743	0,5358	230,3650	284,5868	78,4976	78,5590	18,7320	23,2124	30,1428	50,3578
14,3367	16,2437	43,8440	47,4171	0,5804	0,6265	185,1878	234,0557	51,8922	59,7223	152,4771	217,3789	278,5035	804,6843
14,1720	17,6150	48,0559	53,5880	0,5831	0,7775	212,8865	201,1947	62,1134	56,6614	50,3873	114,3471	283,9162	396,4278
17,4475	18,2965	78,4495	102,6153	0,6734	0,7729	243,1711	276,4606	53,4726	64,8001	22,7908	49,3777	194,3332	420,1931
13,1235	16,8522	12,9148	25,1366	0,4825	0,5205	270,4357	320,5399	44,4141	49,0076	51,9379	134,2618	47,0510	177,4777
14,5000	15,4627	17,0937	42,3874	0,3543	0,5032	252,2637	282,3013	69,5535	83,1931	59,2378	83,1461	200,4140	634,6014
15,9387	16,8898	39,8635	52,6635	0,7077	0,8579	307,7126	304,5373	53,9174	59,7568	27,7408	34,3741	99,2912	103,4264
16,7458	20,9224	23,8808	31,5253	0,5638	0,6633	102,7095	98,7828	52,0838	57,1507	63,5604	199,9142	94,3767	174,3413
19,9192	21,1211	36,4917	56,6451	0,6119	0,7566	233,4382	251,5148	54,9655	59,2802	27,0340	37,6170	54,7631	107,5214
16,5076	18,4903	68,3758	81,9953	0,9147	0,9912	211,1314	278,8913	56,8096	70,7881	55,0849	115,1398	35,1042	55,5120
15,9019	18,4204	61,4053	65,0163	0,1991	0,3542	296,5427	322,8467	55,2032	64,8646	4,0828	11,0506	29,8905	37,8656
17,8196	19,8044	60,1709	78,4758	0,8044	0,8686	285,2687	239,1275	70,3590	84,6240	13,8799	24,4534	20,7569	35,7601
14,0478	17,2190	39,5280	49,3911	0,7101	0,9313	220,4455	260,9981	41,0761	40,9459	125,6384	296,2948	71,4058	99,5985
16,9922	16,7570	61,6334	72,6261	0,7206	0,9665	321,7731	408,6223	59,5805	61,3950	37,8294	55,4374	69,9324	121,3192
14,4157	17,7750	44,5896	57,1778	0,6639	0,6643	194,4389	267,8270	54,2890	59,4760	21,5976	34,5963	252,0817	588,1954
14,2816	16,9213	39,5245	46,3813	0,4513	0,4227	255,6053	283,7990	69,4647	78,9481	39,7663	61,1098	38,8465	61,2012
16,0572	18,8227	48,6644	69,2135	0,7953	0,9316	241,3032	238,8013	54,4705	55,1873	45,4654	89,1938	38,0309	59,3104
19,7609	22,2366	54,4970	66,3604	0,6863	0,8202	268,3402	283,8591	81,4034	89,8033	52,4547	84,0952	173,9459	211,0701
10,6767	11,6517	24,0370	40,6774	0,7744	0,8614	221,8969	283,5043	59,9118	65,1582	30,0677	70,6221	104,5120	153,5446
16,2211	17,7224	47,8646	65,7287	0,6906	0,7430	194,5873	205,7002	72,7429	76,6468	30,1995	39,5614	126,3969	308,9610
17,8089	20,8269	32,7791	51,9760	0,4572	0,6326	199,1138	234,1088	70,4711	81,5454	23,3758	72,4239	446,6056	831,5885
15,3520	16,8112	39,7274	63,1802	0,3483	0,5261	297,7348	303,1844	55,2220	62,5058	12,2879	32,4030	44,5566	78,7836
14,5373	17,6915	44,4673	51,4771	0,7195	0,8619	108,5658	137,1449	73,3250	82,9905	35,1994	85,3710	558,5882	720,6991
8,9461	10,7227	34,3577	40,1359	0,5492	0,7700	247,9046	289,9533	69,7281	77,4165	23,1979	26,7578	61,4740	82,8175
11,1146	14,8061	45,7439	66,7925	0,6564	0,6365	219,2208	238,6369	75,8465	89,7313	27,5884	56,9171	45,4111	62,0123
10,7442	11,7500	37,6413	40,5574	0,5544	0,7834	198,6942	263,6134	63,6283	64,7714	20,8903	39,4619	84,5925	93,3808
12,6377	12,5864	40,2368	51,6001	0,5546	0,6844	255,5246	291,3075	77,3282	85,2193	10,1897	12,8721	183,3715	451,1902
7,6941	11,0624	41,3107	60,4094	0,8820	0,9599	180,1786	199,8048	69,3609	77,5841	30,9344	56,2743	197,1950	348,6078
14,6632	16,4329	48,7739	57,6382	0,6668	0,7548	324,5498	368,4434	57,4408	67,3137	22,9088	47,0472	347,4962	491,7874
13,2360	13,3668	47,3592	54,2808	0,5743	0,7162	239,9493	308,3203	62,1778	70,4880	11,2159	36,7595	156,7183	238,0705
20,0550	22,3814	46,1918	56,7373	0,5005	0,6156	235,6576	217,6899	64,4762	67,0702	16,6942	43,7241	118,4599	213,3015
11,7344	13,3041	55,5744	76,3542	0,6755	0,8039	268,7976	199,5917	70,4080	78,7113	98,4126	234,1338	26,9978	39,8535
16,5704	18,2690	60,2666	65,1066	0,7823	0,9192	167,1127	179,8597	57,3384	58,7774	109,7505	214,1077	13,6686	16,1685
14,5510	15,8123	45,7414	53,0102	0,7255	0,7761	103,4372	109,1837	70,4926	69,0438	167,0209	207,2301	36,1714	121,7911
15,3097	17,1316	28,8376	48,9180	0,7137	0,8601	141,7788	216,4700	58,7542	73,3824	30,1106	51,5171	58,5221	77,8431
15,5822	15,7693	62,5343	63,8439	0,4434	0,5072	212,1939	239,0648	65,2602	75,2227	42,4192	57,5660	160,6057	293,5400
19,9351	20,6501	24,5736	35,8371	0,5007	0,7326	338,0045	334,3494	50,5155	46,1217	86,1746	131,6304	38,6457	62,3792
11,5349	13,4077	18,1267	29,3295	0,6068	0,6857	167,1434	207,2031	61,7388	69,1635	107,8113	106,8057	140,6275	139,3849
16,5122	19,4297	16,3233	20,7170	0,4856	0,5999	232,4601	302,4012	57,8185	57,3390	4,4913	12,9490	64,4053	150,2231
13,0284	14,7971	52,1657	65,4846	0,5794	0,8032	251,0662	288,8705	71,4108	78,0209	14,3035	26,4178	65,1577	115,8771
15,2776	15,2776	42,2416	58,4103	0,5496	0,8318	228,3729	189,8377	70,1645	75,9407	3,2828	5,9488	117,4307	223,3678
16,4513	17,4738	38,7915	42,6169	0,6971	0,9183	205,3778	244,2723	55,9816	68,5563	21,7892	21,4428	242,5701	605,2832
22,7947	23,8649	53,2310	63,5677	0,5516	0,7646	254,3981	301,6752	47,2506	63,6747	50,3047	90,9274	166,8312	350,7018
